game.Chat:Chat(game.Players.LocalPlayer.Character.Head,"Gooby's Gui V2 Loaded!")
wait(2)
game.Chat:Chat(game.Players.LocalPlayer.Character.Head,"Press C to open, V to close")
wait(1)
game.Chat:Chat(game.Players.LocalPlayer.Character.Head,"Update Log: Added Phantom Forces Big Head")
himom = game:GetObjects("rbxassetid://448261090")[1]
himom.Parent = game:GetService('CoreGui')
himom.Name = 'goobgui'
shrek = himom.Base
Player = game.Players.LocalPlayer
Mouse = Player:GetMouse()
main = himom.Base
oc = himom.key
himom.Base.Visible = false

function PressC(key)
himom.key.Text = "~Gooby Gui V2 Loaded~"
	if (key == "c") then
		oc.Text = "Press V to close"
		main.Visible = true
	elseif (key == "v") then
		oc.Text = "Press C to open"
		main.Visible = false
	end
end

Mouse.KeyDown:connect(PressC)

lctab = shrek["Local Commands"]
lcbg = shrek["Local Commands"].background2
stab = shrek["Scripts tab"]
sbg = shrek["Scripts tab"].background
sctab = shrek["Server Commands"]
scbg = shrek["Server Commands"].background3
gstab = shrek["Game scripts"]
gsbg = shrek["Game scripts"].background4
ctab = shrek.Credits
cbg = shrek.Credits.background5
jstab = shrek.Jumpscare
jsbg = shrek.Jumpscare.background6

jstab.MouseButton1Down:connect(function(open)
	if sbg.Visible == true then
		sbg.Visible = false
		jsbg.Visible = true
	elseif scbg.Visible == true then
		scbg.Visible = false
		jsbg.Visible = true
	elseif gsbg.Visible == true then
		gsbg.Visible = false
		jsbg.Visible = true
	elseif cbg.Visible == true then
		cbg.Visible = false
		jsbg.Visible = true
	elseif lcbg.Visible == true then
		lcbg.Visible = false
		jsbg.Visible = true
	end
end)


lctab.MouseButton1Down:connect(function(open)
		if sbg.Visible == true then
		sbg.Visible = false
		lcbg.Visible = true
		elseif scbg.Visible == true then
			scbg.Visible = false
			lcbg.Visible = true
		elseif gsbg.Visible == true then
			gsbg.Visible = false
			lcbg.Visible = true
		elseif cbg.Visible == true then
			cbg.Visible = false
			lcbg.Visible = true
		elseif jsbg.Visible == true then
			jsbg.Visible = false
			lcbg.Visible = true
	end
end)

sctab.MouseButton1Down:connect(function(open)
	if lcbg.Visible == true then
		lcbg.Visible = false
		scbg.Visible = true
	elseif sbg.Visible == true then
		sbg.Visible = false
		scbg.Visible = true
	elseif gsbg.Visible == true then
		gsbg.Visible = false
		scbg.Visible = true
	elseif cbg.Visible == true then
		cbg.Visible = false
		scbg.Visible = true
	elseif jsbg.Visible == true then
		jsbg.Visible = false
		scbg.Visible = true
	end
end)

stab.MouseButton1Down:connect(function(open)
	if scbg.Visible == true then
		scbg.Visible = false
		sbg.Visible = true
	elseif lcbg.Visible == true then
		lcbg.Visible = false
		sbg.Visible = true
	elseif gsbg.Visible == true then
		gsbg.Visible = false
		sbg.Visible = true
	elseif cbg.Visible == true then
		cbg.Visible = false
		sbg.Visible = true
	elseif jsbg.Visible == true then
		jsbg.Visible = false
		sbg.Visible = true
	end
end)

gstab.MouseButton1Down:connect(function(open)
	if sbg.Visible == true then
		sbg.Visible = false
		gsbg.Visible = true
	elseif lcbg.Visible == true then
		lcbg.Visible = false
		gsbg.Visible = true
	elseif scbg.Visible == true then
		scbg.Visible = false
		gsbg.Visible = true
	elseif cbg.Visible == true then
		cbg.Visible = false
		gsbg.Visible = true
	elseif jsbg.Visible == true then
		jsbg.Visible = false
		gsbg.Visible = true
	end
end)

ctab.MouseButton1Down:connect(function(open)
	if sbg.Visible == true then
		sbg.Visible = false
		cbg.Visible = true
	elseif lcbg.Visible == true then
		lcbg.Visible = false
		cbg.Visible = true
	elseif scbg.Visible == true then
		scbg.Visible = false
		cbg.Visible = true
	elseif gsbg.Visible == true then
		gsbg.Visible = false
		cbg.Visible = true
	elseif jsbg.Visible == true then
		jsbg.Visible = false
		cbg.Visible = true
	end
end)

if(game:GetService('Workspace').FilteringEnabled == true) then
	himom.fe.Text = "Filtered Enabled rip"
elseif (game:GetService('Workspace').FilteringEnabled == false) then
	himom.fe.Text = "Filtering Disabled"
end


yolomom = himom.Base.Jumpscare.background6
yolomom.stuff.Text = 'Enter FULL Player Name Here:'
yolomom.jeff.MouseButton1Down:connect(function(jeffftw)
	yolomom.current.Text = 'Jeff'
	yolomom.scare.Image = 'rbxassetid://109129888'
end)

yolomom.Slenderman.MouseButton1Down:connect(function(slenderew)
	yolomom.current.Text = 'Slender'
	yolomom.scare.Image = 'rbxassetid://140885990'
end)

yolomom.fat.MouseButton1Down:connect(function(burgerking)
	yolomom.current.Text = 'Fat Man'
	yolomom.scare.Image = 'rbxassetid://125457520'
end)
scream = game:GetService("InsertService"):LoadAsset(80576967)
    for _,k in pairs(scream:GetChildren()) do
            if k:IsA("Tool") then
            gui = k:Clone()
            gui.ToolTip = ""
            gui.TextureId = "http://www.roblox.com/asset/?id=0"
            gui.CanBeDropped = false
            gui.RequiresHandle = false
            gui.Name = "JUMP"
            gui.SprayGui.Frame.Frame.TextBox.Text = '0'
            gui.Handle:Remove()
            gui.SprayGui.Frame.Visible = false
			ummf = Instance.new("ImageLabel")
			ummf.Parent = gui.SprayGui
            gui.SprayGui.ImageLabel.Size = UDim2.new(1, 0, 1, 0)
	end
end
yolomom.submit.MouseButton1Down:connect(function(yaytheend)
	if(yolomom.targetplayer.Text ~= 'Player Name Here' and yolomom.targetplayer.Text ~= '') then
		if(yolomom.current.Text == 'No Image') then
			yolomom.stuff.Text = 'No Image Selected!'
		else
			for i,p in pairs(game.Players:GetChildren()) do
				local kirbyisrood = string.lower(p.Name)
				local moonshot = string.lower(yolomom.targetplayer.Text)
				if(moonshot:find(kirbyisrood)) then
					local yayumadeit = gui:Clone()
					yayumadeit.SprayGui.ImageLabel.Image = yolomom.scare.Image
					local au = Instance.new("Sound", p)
                    au.Name = "DAD"
                    au.Volume = 1
                    au.Pitch = 1
                    au.Looped = false
                    au.SoundId = "rbxassetid://176238381"
                    au:Play()
                    wait(0.35)
                    au:Stop()
                    wait(0.3)
                    au:Play()
					yayumadeit.Parent = p.Character
					wait(0.35)
					yayumadeit.Parent = nil
				end
			end
		end
	end
end)

himom.Base["Game scripts"].background4.MVP.MouseButton1Down:connect(function()
	local Door = game.Workspace.Lobby.MVPDoor
Door.Script:Remove()
local a=Door.SurfaceGui.Frame
a.bt:Remove''
a.TextLabel.Text = 'Door unlocked by Goobys Gui '..game.Players.LocalPlayer.Name
a.TextLabel.TextLabel.Text = 'Door unlocked by Goobys Gui '..game.Players.LocalPlayer.Name
for i,v in pairs(a.TextLabel.TextLabel:children'') do
v.Text = 'MVP Door Unlocked by Goobys Gui'
end
end)


himom.Base["Game scripts"].background4.Phantom.MouseButton1Down:connect(function()
	_G.HeadSize = 40
_G.HeadOffset = 20
_G.FEnabled = true
game:service'RunService'.Stepped:connect(function()
    if _G.FEnabled then
        for i,v in pairs(game:service'Players':GetPlayers()) do
            if v.TeamColor ~= game:service'Players'.LocalPlayer.TeamColor then
            --if v.Name ~= game:service'Players'.LocalPlayer.Name then
                pcall(function()
                    pcall(function()v.Character.Head.Mesh:Destroy() end)
                    v.Character.Head.CanCollide = false
                    v.Character.Head.Size = Vector3.new(_G.HeadSize,_G.HeadSize,_G.HeadSize)
                    v.Character.Head.CFrame = v.Character.Torso.CFrame * CFrame.new(0,_G.HeadOffset,0)
                end)
            --end
            end
        end
    end
end)
end)

himom.Base["Game scripts"].background4.TmUnlock.MouseButton1Down:connect(function()
local TwistedMurderer = {}
for i, v in pairs(game.ReplicatedStorage.Shop:GetChildren()) do
for i, t in pairs(v:GetChildren()) do
t:Clone().Parent = game.Players.LocalPlayer.DATA.Backpack
end
end
end)

himom.Base["Local Commands"].background2.Fire.MouseButton1Down:connect(function()
	Instance.new("Fire", game.Players.LocalPlayer.Character.Torso)
end)


himom.Base["Local Commands"].background2.plusws.MouseButton1Down:connect(function()
	local char = game.Players.LocalPlayer.Character.Humanoid
	char.WalkSpeed = char.WalkSpeed + 100
end)


himom.Base["Local Commands"].background2.minusws.MouseButton1Down:connect(function()
	local char = game.Players.LocalPlayer.Character.Humanoid
	char.WalkSpeed = char.WalkSpeed - 100
end)

himom.Base["Local Commands"].background2.minusjp.MouseButton1Down:connect(function()
	local char = game.Players.LocalPlayer.Character.Humanoid
	char.JumpPower = char.JumpPower - 100
end)

himom.Base["Local Commands"].background2.plusjp.MouseButton1Down:connect(function()
		local char = game.Players.LocalPlayer.Character.Humanoid
	    char.JumpPower = char.JumpPower + 100
end)


himom.Base["Local Commands"].background2.Fly.MouseButton1Down:connect(function()
	mouse=game.Players.LocalPlayer:GetMouse''
localplayer=game.Players.LocalPlayer
game.Players.LocalPlayer.Character:WaitForChild("Torso")
		local torso = game.Players.LocalPlayer.Character.Torso 
		local flying = true
		local speed=0
		local keys={a=false,d=false,w=false,s=false} 
		local e1
		local e2
		local function start()
			local pos = Instance.new("BodyPosition",torso)
			local gyro = Instance.new("BodyGyro",torso)
			pos.Name="EPIXPOS"
			pos.maxForce = Vector3.new(math.huge, math.huge, math.huge)
			pos.position = torso.Position
			gyro.maxTorque = Vector3.new(9e9, 9e9, 9e9) 
			gyro.cframe = torso.CFrame
			repeat
				wait()
				localplayer.Character.Humanoid.PlatformStand=true
				local new=gyro.cframe - gyro.cframe.p + pos.position
				if not keys.w and not keys.s and not keys.a and not keys.d then
					speed=1
				end
				if keys.w then 
					new = new + workspace.CurrentCamera.CoordinateFrame.lookVector * speed
					speed=speed+0.01
				end
				if keys.s then 
					new = new - workspace.CurrentCamera.CoordinateFrame.lookVector * speed
					speed=speed+0.01
				end
				if keys.d then 
					new = new * CFrame.new(speed,0,0)
					speed=speed+0.01
				end
				if keys.a then 
					new = new * CFrame.new(-speed,0,0)
					speed=speed+0.01
				end
				if speed>5 then
					speed=5
				end
				pos.position=new.p
				if keys.w then
					gyro.cframe = workspace.CurrentCamera.CoordinateFrame*CFrame.Angles(-math.rad(speed*15),0,0)
				elseif keys.s then
					gyro.cframe = workspace.CurrentCamera.CoordinateFrame*CFrame.Angles(math.rad(speed*15),0,0)
				else
					gyro.cframe = workspace.CurrentCamera.CoordinateFrame
				end
			until flying==false
			if gyro then gyro:Destroy() end
			if pos then pos:Destroy() end
			flying=false
			localplayer.Character.Humanoid.PlatformStand=false
			speed=0
		end
		e1=mouse.KeyDown:connect(function(key)
			if not torso or not torso.Parent then flying=false e1:disconnect() e2:disconnect() return end
			if key=="w" then
				keys.w=true
			elseif key=="s" then
				keys.s=true
			elseif key=="a" then
				keys.a=true
			elseif key=="d" then
				keys.d=true
			elseif key=="e" then
				if flying==true then
					flying=false
				else
					flying=true
					start()
				end
			end
		end)
		e2=mouse.KeyUp:connect(function(key)
			if key=="w" then
				keys.w=false
			elseif key=="s" then
				keys.s=false
			elseif key=="a" then
				keys.a=false
			elseif key=="d" then
				keys.d=false
			end
		end)
		start()
end)

himom.Base["Local Commands"].background2.God.MouseButton1Down:connect(function()
	game.Players.LocalPlayer.Character.Humanoid.MaxHealth = math.huge
end)

RLeg = "Right Leg"
LLeg = "Left Leg"
RArm = "Right Arm"
LArm = "Left Arm"

himom.Base["Local Commands"].background2.Invisible.MouseButton1Down:connect(function()
game.Players.LocalPlayer.Character.Torso.Transparency = 1
game.Players.LocalPlayer.Character.Head.Transparency = 1
game.Players.LocalPlayer.Character[RLeg].Transparency = 1
game.Players.LocalPlayer.Character[LLeg].Transparency = 1
game.Players.LocalPlayer.Character[RArm].Transparency = 1
game.Players.LocalPlayer.Character[LArm].Transparency = 1
end)

himom.Base["Local Commands"].background2.Particle.MouseButton1Down:connect(function()
	Instance.new("ParticleEmitter", game.Players.LocalPlayer.Character.Torso)
end)

himom.Base["Local Commands"].background2.Sparkles.MouseButton1Down:connect(function()
	Instance.new("Sparkles", game.Players.LocalPlayer.Character.Torso)
end)

RLeg = "Right Leg"
LLeg = "Left Leg"
RArm = "Right Arm"
LArm = "Left Arm"

himom.Base["Local Commands"].background2.Vis.MouseButton1Down:connect(function()
game.Players.LocalPlayer.Character.Torso.Transparency = 0
game.Players.LocalPlayer.Character.Head.Transparency = 0
game.Players.LocalPlayer.Character[RLeg].Transparency = 0
game.Players.LocalPlayer.Character[LLeg].Transparency = 0
game.Players.LocalPlayer.Character[RArm].Transparency = 0
game.Players.LocalPlayer.Character[LArm].Transparency = 0
end)

himom.Base["Local Commands"].background2.ff.MouseButton1Down:connect(function()
	Instance.new("ForceField", game.Players.LocalPlayer.Character)
end)

himom.Base["Scripts tab"].background.Bong.MouseButton1Down:connect(function()
	local p = game.Players.LocalPlayer
local char = p.Character
local mouse = p:GetMouse()
local larm = char["Left Arm"]
local rarm = char["Right Arm"]
local lleg = char["Left Leg"]
local rleg = char["Right Leg"]
local hed = char.Head
local torso = char.Torso
local hum = char.Humanoid
local cam = game.Workspace.CurrentCamera
local root = char.HumanoidRootPart
local deb = false
local shot = 0
local l = game:GetService("Lighting")
local rs = game:GetService("RunService").RenderStepped
local stanceToggle = "Bong"
math.randomseed(os.time())
hum.WalkSpeed = 8
----------------------------------------------------
----------------------------------------------------
----------------------------------------------------
Debounces = {
CanPuff = true;
CanJoke = true;
Bong = true;
Pipe = false;
Blunt = false;
NoIdl = false;
on = false;
}

----------------------------------------------------

function lerp(a, b, t) -- Linear interpolation
        return a + (b - a)*t
end
 
function slerp(a, b, t) --Spherical interpolation
        dot = a:Dot(b)
        if dot > 0.99999 or dot < -0.99999 then
                return t <= 0.5 and a or b
        else
                r = math.acos(dot)
                return (a*math.sin((1 - t)*r) + b*math.sin(t*r)) / math.sin(r)
        end
end
 
function matrixInterpolate(a, b, t)
        local ax, ay, az, a00, a01, a02, a10, a11, a12, a20, a21, a22 = a:components()
        local bx, by, bz, b00, b01, b02, b10, b11, b12, b20, b21, b22 = b:components()
        local v0 = lerp(Vector3.new(ax, ay, az), Vector3.new(bx , by , bz), t) -- Position
        local v1 = slerp(Vector3.new(a00, a01, a02), Vector3.new(b00, b01, b02), t) -- Vector  right
        local v2 = slerp(Vector3.new(a10, a11, a12), Vector3.new(b10, b11, b12), t) -- Vector  up
        local v3 = slerp(Vector3.new(a20, a21, a22), Vector3.new(b20, b21, b22), t) -- Vector  back
        local t = v1:Dot(v2)
        if not (t < 0 or t == 0 or t > 0) then         -- Failsafe
                return CFrame.new()
        end
        return CFrame.new(
        v0.x, v0.y, v0.z,
        v1.x, v1.y, v1.z,
        v2.x, v2.y, v2.z,
        v3.x, v3.y, v3.z)
end
----------------------------------------------------
function genWeld(a,b)
    local w = Instance.new("Weld",a)
    w.Part0 = a
    w.Part1 = b
    return w
end
function weld(a, b)
    local weld = Instance.new("Weld")
    weld.Name = "W"
    weld.Part0 = a
    weld.Part1 = b
    weld.C0 = a.CFrame:inverse() * b.CFrame
    weld.Parent = a
    return weld;
end
----------------------------------------------------
function Lerp(c1,c2,al)
local com1 = {c1.X,c1.Y,c1.Z,c1:toEulerAnglesXYZ()}
local com2 = {c2.X,c2.Y,c2.Z,c2:toEulerAnglesXYZ()}
for i,v in pairs(com1) do 
com1[i] = v+(com2[i]-v)*al
end
return CFrame.new(com1[1],com1[2],com1[3]) * CFrame.Angles(select(4,unpack(com1)))
end
----------------------------------------------------
newWeld = function(wp0, wp1, wc0x, wc0y, wc0z)
local wld = Instance.new("Weld", wp1)
wld.Part0 = wp0
wld.Part1 = wp1
wld.C0 = CFrame.new(wc0x, wc0y, wc0z)
end
----------------------------------------------------
newWeld(torso, larm, -1.5, 0.5, 0)
larm.Weld.C1 = CFrame.new(0, 0.5, 0)
newWeld(torso, rarm, 1.5, 0.5, 0)
rarm.Weld.C1 = CFrame.new(0, 0.5, 0)
newWeld(torso, hed, 0, 1.5, 0)
newWeld(torso, lleg, -0.5, -1, 0)
lleg.Weld.C1 = CFrame.new(0, 1, 0)
newWeld(torso, rleg, 0.5, -1, 0)
rleg.Weld.C1 = CFrame.new(0, 1, 0)
newWeld(root, torso, 0, -1, 0)
torso.Weld.C1 = CFrame.new(0, -1, 0)
----------------------------------------------------
z = Instance.new("Sound", game.Players.LocalPlayer.Character)
z.SoundId = "rbxassetid://185118176"
z.Looped = true
z.Pitch = 1
z.Volume = 1
wait(1)
z:Play()
----------------------------------------------------
pa = Instance.new("Part", torso)
pa.Name = "Fat"
pa.Transparency = 1
pa.CanCollide = false
pa.Anchored = false
pa.Locked = true
pa.Size = Vector3.new(1,1,1)
weld = Instance.new("Weld", pa)
weld.Part0 = pa
weld.Part1 = torso
weld.C0 = CFrame.new(0, 0, -1.5)
weld.C1 = CFrame.new(0, 0, 0) * CFrame.Angles(math.rad(-50), math.rad(0), math.rad(0))
s = Instance.new("Smoke", pa)
s.Color = Color3.new(1,1,1)
s.Opacity = 1
s.RiseVelocity = 4
s.Enabled = false
----------------------------------------------------
local m = Instance.new("Model")
m.Name = "Bong"
p1 = Instance.new("Part", m)
p1.Material = "Neon"
p1.BrickColor = BrickColor.new("Black")
p1.Name = "Lip"
p1.FormFactor = Enum.FormFactor.Symmetric
p1.Size = Vector3.new(1, 1, 1)
p1.CFrame = CFrame.new(28.499649, 10.9996414, -11.4994812, -0.999972343, 6.21378422e-006, -0.00049701333, -0.000477582216, -5.70863485e-005, 0.999959588, -1.02631748e-005, 0.999939203, 2.50376761e-005)
p1.CanCollide = false
p1.Locked = true
p1.BottomSurface = Enum.SurfaceType.Smooth
p1.TopSurface = Enum.SurfaceType.Smooth
b1 = Instance.new("SpecialMesh", p1)
b1.MeshId = "http://www.roblox.com/asset/?id=3270017"
b1.TextureId = ""
b1.MeshType = Enum.MeshType.FileMesh
b1.Name = "Mesh"
p2 = Instance.new("Part", m)
p2.Material = "Neon"
p2.BrickColor = BrickColor.new("Earth green")
p2.Material = Enum.Material.SmoothPlastic
p2.Transparency = 0.20000000298023
p2.Name = "Tube"
p2.FormFactor = Enum.FormFactor.Symmetric
p2.Size = Vector3.new(1, 3, 1)
p2.CFrame = CFrame.new(28.4998627, 9.49954987, -11.4992342, 0.000220132133, -5.49961114e-005, 0.999972463, -7.23355697e-005, 0.999959707, 3.55862139e-005, -0.999939203, -0.000104385108, 0.000236587104)
p2.CanCollide = false
p2.Locked = true
p2.BottomSurface = Enum.SurfaceType.Smooth
p2.TopSurface = Enum.SurfaceType.Smooth
b2 = Instance.new("CylinderMesh", p2)
b2.Name = "Mesh"
p3 = Instance.new("Part", m)
p3.BrickColor = BrickColor.new("Earth green")
p3.Name = "Devil's Lettuce"
p3.Size = Vector3.new(1, 1.20000005, 1)
p3.CFrame = CFrame.new(27.1619816, 8.50439644, -11.4991903, 0.754621029, -0.656118929, 2.5186062e-005, 0.656095922, 0.754624128, -5.45315925e-005, 8.17945693e-006, 2.26873817e-005, 0.999939263)
p3.CanCollide = false
p3.Locked = true
b3 = Instance.new("SpecialMesh", p3)
b3.MeshId = "http://www.roblox.com/asset/?id=1290033"
b3.TextureId = "http://www.roblox.com/asset/?id=1290030"
b3.MeshType = Enum.MeshType.FileMesh
b3.VertexColor = Vector3.new(0.5, 70, 0)
b3.Name = "Mesh"
b3.Scale = Vector3.new(0.199999988, 0.199999988, 0.199999988)
p4 = Instance.new("Part", m)
p4.BrickColor = BrickColor.new("Black")
p4.Name = "Bowl"
p4.FormFactor = Enum.FormFactor.Symmetric
p4.Size = Vector3.new(1, 1, 1)
p4.CFrame = CFrame.new(27.243679, 8.40425396, -11.4991856, -0.754621029, 0.656118929, 0.000100085585, -0.656095922, -0.754624128, 1.05888903e-005, 9.10690069e-005, -2.26873672e-005, 0.999939263)
p4.CanCollide = false
p4.Locked = true
p4.BottomSurface = Enum.SurfaceType.Smooth
p4.TopSurface = Enum.SurfaceType.Smooth
b4 = Instance.new("SpecialMesh", p4)
b4.MeshId = "http://www.roblox.com/asset/?id=19380188"
b4.TextureId = ""
b4.MeshType = Enum.MeshType.FileMesh
b4.Name = "Mesh"
b4.Scale = Vector3.new(0.400000006, 0.400000006, 0.400000006)
p5 = Instance.new("Part", m)
p5.BrickColor = BrickColor.new("Black")
p5.Material = Enum.Material.SmoothPlastic
p5.Name = "Stem"
p5.FormFactor = Enum.FormFactor.Symmetric
p5.Size = Vector3.new(1, 1, 1)
p5.CFrame = CFrame.new(27.8998299, 7.64966011, -11.4992504, -0.754621029, -0.656118929, -3.68308465e-005, -0.656095922, 0.754624128, 4.44071593e-005, 7.25091377e-006, 2.26873672e-005, -0.999939263)
p5.CanCollide = false
p5.Locked = true
p5.BottomSurface = Enum.SurfaceType.Smooth
p5.TopSurface = Enum.SurfaceType.Smooth
b5 = Instance.new("CylinderMesh", p5)
b5.Name = "Mesh"
b5.Scale = Vector3.new(1, 1.79999995, 0.200000003)
p6 = Instance.new("Part", m)
p6.Material = "Neon"
p6.BrickColor = BrickColor.new("Earth green")
p6.Material = Enum.Material.SmoothPlastic
p6.Transparency = 0.20000000298023
p6.Name = "Bong"
p6.FormFactor = Enum.FormFactor.Symmetric
p6.Size = Vector3.new(1, 1, 1)
p6.CFrame = CFrame.new(28.5000229, 7.34961605, -11.4990406, -0.000452600536, 0.00015476234, -0.999972343, -1.39447293e-005, 0.999959707, 0.000174246117, 0.999939203, -1.80333263e-005, -0.000469060004)
p6.CanCollide = false
p6.Locked = true
p6.BottomSurface = Enum.SurfaceType.Smooth
p6.TopSurface = Enum.SurfaceType.Smooth
b6 = Instance.new("SpecialMesh", p6)
b6.MeshType = Enum.MeshType.Sphere
b6.Name = "Mesh"
b6.Scale = Vector3.new(1.79999995, 1.79999995, 1.79999995)
p7 = Instance.new("Part", m)
p7.Material = "Neon"
p7.BrickColor = BrickColor.new("Pastel Blue")
p7.Material = Enum.Material.SmoothPlastic
p7.Name = "Water"
p7.FormFactor = Enum.FormFactor.Symmetric
p7.Size = Vector3.new(1, 1, 1)
p7.CFrame = CFrame.new(28.5000248, 7.25962019, -11.4990396, -0.000452600565, 0.000154762354, -0.999972343, -1.39616022e-005, 0.999959707, 0.000174246117, 0.999939322, -1.80501975e-005, -0.000469060033)
p7.CanCollide = false
p7.Locked = true
p7.BottomSurface = Enum.SurfaceType.Smooth
p7.TopSurface = Enum.SurfaceType.Smooth
b7 = Instance.new("SpecialMesh", p7)
b7.MeshType = Enum.MeshType.Sphere
b7.Name = "Mesh"
b7.Scale = Vector3.new(1.5999999, 1.39999986, 1.5999999)
w1 = Instance.new("Weld", p1)
w1.Name = "Tube_Weld"
w1.Part0 = p1
w1.C0 = CFrame.new(28.505003, 11.5008535, -10.9858503, -0.999999881, -0.000485179946, -1.08338909e-007, -8.74227695e-008, -4.31100962e-005, 1, -0.000485179946, 0.999999881, 4.31100489e-005)
w1.Part1 = p2
w1.C1 = CFrame.new(-11.5057898, -9.49978542, -28.4976711, 0.000226438046, -8.63153255e-005, -1, -4.31497574e-005, 1, -8.63251043e-005, 1, 4.31693043e-005, 0.000226438046)
w2 = Instance.new("Weld", p2)
w2.Name = "Devil's Lettuce_Weld"
w2.Part0 = p2
w2.C0 = CFrame.new(-11.5057898, -9.49978542, -28.4976711, 0.000226438046, -8.63153255e-005, -1, -4.31497574e-005, 1, -8.63251043e-005, 1, 4.31693043e-005, 0.000226438046)
w2.Part1 = p3
w2.C1 = CFrame.new(-26.0778522, 11.4040451, 11.4999485, 0.75464958, 0.656128049, 1.23602822e-005, -0.656128049, 0.75464958, 4.29936699e-005, 1.88816703e-005, -4.05550818e-005, 1)
w3 = Instance.new("Weld", p3)
w3.Name = "Bowl_Weld"
w3.Part0 = p3
w3.C0 = CFrame.new(-26.0778522, 11.4040451, 11.4999485, 0.75464958, 0.656128049, 1.23602822e-005, -0.656128049, 0.75464958, 4.29936699e-005, 1.88816703e-005, -4.05550818e-005, 1)
w3.Part1 = p4
w3.C1 = CFrame.new(26.0749397, -11.5332241, 11.4973526, -0.75464958, -0.656128049, 8.68942152e-005, 0.656128049, -0.75464958, -4.29936554e-005, 9.37840305e-005, 2.45685878e-005, 1)
w4 = Instance.new("Weld", p4)
w4.Name = "Stem_Weld"
w4.Part0 = p4
w4.C0 = CFrame.new(26.0749397, -11.5332241, 11.4973526, -0.75464958, -0.656128049, 8.68942152e-005, 0.656128049, -0.75464958, -4.29936554e-005, 9.37840305e-005, 2.45685878e-005, 1)
w4.Part1 = p5
w4.C1 = CFrame.new(26.0740185, 12.5332232, -11.4995804, -0.75464958, -0.656128049, 3.07102709e-006, -0.656128049, 0.75464958, 4.29936554e-005, -3.05268914e-005, 3.04301557e-005, -1)
w5 = Instance.new("Weld", p5)
w5.Name = "Bong_Weld"
w5.Part0 = p5
w5.C0 = CFrame.new(26.0740185, 12.5332232, -11.4995804, -0.75464958, -0.656128049, 3.07102709e-006, -0.656128049, 0.75464958, 4.29936554e-005, -3.05268914e-005, 3.04301557e-005, -1)
w5.Part1 = p6
w5.C1 = CFrame.new(11.5130777, -7.35474873, 28.493494, -0.000458917581, 2.98023224e-008, 0.99999994, 0.000166644895, 1, 2.98023224e-008, -0.999999881, 0.000166644895, -0.000458917581)
w6 = Instance.new("Weld", p6)
w6.Name = "Water_Weld"
w6.Part0 = p6
w6.C0 = CFrame.new(11.5130777, -7.35474873, 28.493494, -0.000458917581, 2.98023224e-008, 0.99999994, 0.000166644895, 1, 2.98023224e-008, -0.999999881, 0.000166644895, -0.000458917581)
w6.Part1 = p7
w6.C1 = CFrame.new(11.5130777, -7.26474905, 28.4935093, -0.000458917581, 2.98023224e-008, 0.99999994, 0.000166644895, 1, 2.98023224e-008, -0.999999881, 0.000166644895, -0.000458917581)
w7 = Instance.new("Weld", p7)
w7.Name = "Head_Weld"
w7.Part0 = p7
w7.C0 = CFrame.new(11.5130777, -7.26474905, 28.4935093, -0.000458917581, 2.98023224e-008, 0.99999994, 0.000166644895, 1, 2.98023224e-008, -0.999999881, 0.000166644895, -0.000458917581)
m.Parent = torso
m:MakeJoints()
----------------------------------------------------
weld2 = Instance.new("Weld", torso.Bong)
weld2.Part0 = torso
weld2.Part1 = torso.Bong.Tube
weld2.C0 = CFrame.new(0, -.5, -1.5)
weld2.C1 = CFrame.new(0, 0, 0) * CFrame.Angles(math.rad(0), math.rad(0), math.rad(0))
----------------------------------------------------
local m2 = Instance.new("Model")
m2.Name = "Blunt"
p1 = Instance.new("Part", m2)
p1.Transparency = 1
p1.BrickColor = BrickColor.new("CGA brown")
p1.Name = "Handle"
p1.FormFactor = Enum.FormFactor.Custom
p1.Size = Vector3.new(0.400000006, 0.200000003, 0.200000003)
p1.CFrame = CFrame.new(30.5498123, 9.24952984, -12.2989969, -6.35227434e-006, -1.18419912e-005, 0.999973059, -7.23406483e-005, 0.999959469, -7.5179214e-006, -0.999939501, -0.000104367107, 1.01497435e-005)
p1.CanCollide = false
p1.Locked = true
p1.BottomSurface = Enum.SurfaceType.Smooth
p1.TopSurface = Enum.SurfaceType.Smooth
b1 = Instance.new("SpecialMesh", p1)
b1.MeshType = Enum.MeshType.Cylinder
b1.Name = "Mesh"
p2 = Instance.new("Part", m2)
p2.Transparency = 1
p2.BrickColor = BrickColor.new("CGA brown")
p2.Name = "Joint11"
p2.FormFactor = Enum.FormFactor.Custom
p2.Size = Vector3.new(0.200000003, 0.200000003, 0.200000003)
p2.CFrame = CFrame.new(30.5498104, 9.24934578, -12.4989843, -6.35227434e-006, -1.18419912e-005, 0.999973059, -7.23406483e-005, 0.999959469, -7.5179214e-006, -0.999939501, -0.000104367107, 1.01497435e-005)
p2.CanCollide = false
p2.Locked = true
p2.BottomSurface = Enum.SurfaceType.Smooth
p2.TopSurface = Enum.SurfaceType.Smooth
b2 = Instance.new("SpecialMesh", p2)
b2.MeshType = Enum.MeshType.Cylinder
b2.Name = "Mesh"
b2.Scale = Vector3.new(0.300000012, 1, 1)
p3 = Instance.new("Part", m2)
p3.Transparency = 1
p3.BrickColor = BrickColor.new("CGA brown")
p3.Name = "Joint10"
p3.FormFactor = Enum.FormFactor.Custom
p3.Size = Vector3.new(0.200000003, 0.200000003, 0.200000003)
p3.CFrame = CFrame.new(30.5498104, 9.24934673, -12.5489807, -6.35227434e-006, -1.18419912e-005, 0.999973059, -7.23406483e-005, 0.999959469, -7.5179214e-006, -0.999939501, -0.000104367107, 1.01497435e-005)
p3.CanCollide = false
p3.Locked = true
p3.BottomSurface = Enum.SurfaceType.Smooth
p3.TopSurface = Enum.SurfaceType.Smooth
b3 = Instance.new("SpecialMesh", p3)
b3.MeshType = Enum.MeshType.Cylinder
b3.Name = "Mesh"
b3.Scale = Vector3.new(0.300000012, 1, 1)
p4 = Instance.new("Part", m2)
p4.Transparency = 1
p4.BrickColor = BrickColor.new("CGA brown")
p4.Name = "Joint9"
p4.FormFactor = Enum.FormFactor.Custom
p4.Size = Vector3.new(0.200000003, 0.200000003, 0.200000003)
p4.CFrame = CFrame.new(30.5498104, 9.24934673, -12.5989771, -6.35227434e-006, -1.18419912e-005, 0.999973059, -7.23406483e-005, 0.999959469, -7.5179214e-006, -0.999939501, -0.000104367107, 1.01497435e-005)
p4.CanCollide = false
p4.Locked = true
p4.BottomSurface = Enum.SurfaceType.Smooth
p4.TopSurface = Enum.SurfaceType.Smooth
b4 = Instance.new("SpecialMesh", p4)
b4.MeshType = Enum.MeshType.Cylinder
b4.Name = "Mesh"
b4.Scale = Vector3.new(0.300000012, 1, 1)
p5 = Instance.new("Part", m2)
p5.Transparency = 1
p5.BrickColor = BrickColor.new("CGA brown")
p5.Name = "Joint8"
p5.FormFactor = Enum.FormFactor.Custom
p5.Size = Vector3.new(0.200000003, 0.200000003, 0.200000003)
p5.CFrame = CFrame.new(30.5498104, 9.24934769, -12.6489735, -6.35227434e-006, -1.18419912e-005, 0.999973059, -7.23406483e-005, 0.999959469, -7.5179214e-006, -0.999939501, -0.000104367107, 1.01497435e-005)
p5.CanCollide = false
p5.Locked = true
p5.BottomSurface = Enum.SurfaceType.Smooth
p5.TopSurface = Enum.SurfaceType.Smooth
b5 = Instance.new("SpecialMesh", p5)
b5.MeshType = Enum.MeshType.Cylinder
b5.Name = "Mesh"
b5.Scale = Vector3.new(0.300000012, 1, 1)
p6 = Instance.new("Part", m2)
p6.Transparency = 1
p6.BrickColor = BrickColor.new("CGA brown")
p6.Name = "Joint7"
p6.FormFactor = Enum.FormFactor.Custom
p6.Size = Vector3.new(0.200000003, 0.200000003, 0.200000003)
p6.CFrame = CFrame.new(30.5498104, 9.24934769, -12.6989698, -6.35227434e-006, -1.18419912e-005, 0.999973059, -7.23406483e-005, 0.999959469, -7.5179214e-006, -0.999939501, -0.000104367107, 1.01497435e-005)
p6.CanCollide = false
p6.Locked = true
p6.BottomSurface = Enum.SurfaceType.Smooth
p6.TopSurface = Enum.SurfaceType.Smooth
b6 = Instance.new("SpecialMesh", p6)
b6.MeshType = Enum.MeshType.Cylinder
b6.Name = "Mesh"
b6.Scale = Vector3.new(0.300000012, 1, 1)
p7 = Instance.new("Part", m2)
p7.Transparency = 1
p7.BrickColor = BrickColor.new("CGA brown")
p7.Name = "Joint6"
p7.FormFactor = Enum.FormFactor.Custom
p7.Size = Vector3.new(0.200000003, 0.200000003, 0.200000003)
p7.CFrame = CFrame.new(30.5498104, 9.24934864, -12.7489662, -6.35227434e-006, -1.18419912e-005, 0.999973059, -7.23406483e-005, 0.999959469, -7.5179214e-006, -0.999939501, -0.000104367107, 1.01497435e-005)
p7.CanCollide = false
p7.Locked = true
p7.BottomSurface = Enum.SurfaceType.Smooth
p7.TopSurface = Enum.SurfaceType.Smooth
b7 = Instance.new("SpecialMesh", p7)
b7.MeshType = Enum.MeshType.Cylinder
b7.Name = "Mesh"
b7.Scale = Vector3.new(0.300000012, 1, 1)
p8 = Instance.new("Part", m2)
p8.Transparency = 1
p8.BrickColor = BrickColor.new("CGA brown")
p8.Name = "Joint5"
p8.FormFactor = Enum.FormFactor.Custom
p8.Size = Vector3.new(0.200000003, 0.200000003, 0.200000003)
p8.CFrame = CFrame.new(30.5498104, 9.24934864, -12.7989626, -6.35227434e-006, -1.18419912e-005, 0.999973059, -7.23406483e-005, 0.999959469, -7.5179214e-006, -0.999939501, -0.000104367107, 1.01497435e-005)
p8.CanCollide = false
p8.Locked = true
p8.BottomSurface = Enum.SurfaceType.Smooth
p8.TopSurface = Enum.SurfaceType.Smooth
b8 = Instance.new("SpecialMesh", p8)
b8.MeshType = Enum.MeshType.Cylinder
b8.Name = "Mesh"
b8.Scale = Vector3.new(0.300000012, 1, 1)
p9 = Instance.new("Part", m2)
p9.Transparency = 1
p9.BrickColor = BrickColor.new("CGA brown")
p9.Name = "Joint4"
p9.FormFactor = Enum.FormFactor.Custom
p9.Size = Vector3.new(0.200000003, 0.200000003, 0.200000003)
p9.CFrame = CFrame.new(30.5498104, 9.24934959, -12.848959, -6.35227434e-006, -1.18419912e-005, 0.999973059, -7.23406483e-005, 0.999959469, -7.5179214e-006, -0.999939501, -0.000104367107, 1.01497435e-005)
p9.CanCollide = false
p9.Locked = true
p9.BottomSurface = Enum.SurfaceType.Smooth
p9.TopSurface = Enum.SurfaceType.Smooth
b9 = Instance.new("SpecialMesh", p9)
b9.MeshType = Enum.MeshType.Cylinder
b9.Name = "Mesh"
b9.Scale = Vector3.new(0.300000012, 1, 1)
p10 = Instance.new("Part", m2)
p10.Transparency = 1
p10.BrickColor = BrickColor.new("CGA brown")
p10.Name = "Joint3"
p10.FormFactor = Enum.FormFactor.Custom
p10.Size = Vector3.new(0.200000003, 0.200000003, 0.200000003)
p10.CFrame = CFrame.new(30.5498104, 9.24934959, -12.8989553, -6.35227434e-006, -1.18419912e-005, 0.999973059, -7.23406483e-005, 0.999959469, -7.5179214e-006, -0.999939501, -0.000104367107, 1.01497435e-005)
p10.CanCollide = false
p10.Locked = true
p10.BottomSurface = Enum.SurfaceType.Smooth
p10.TopSurface = Enum.SurfaceType.Smooth
b10 = Instance.new("SpecialMesh", p10)
b10.MeshType = Enum.MeshType.Cylinder
b10.Name = "Mesh"
b10.Scale = Vector3.new(0.300000012, 1, 1)
p11 = Instance.new("Part", m2)
p11.Transparency = 1
p11.BrickColor = BrickColor.new("CGA brown")
p11.Name = "Joint3"
p11.FormFactor = Enum.FormFactor.Custom
p11.Size = Vector3.new(0.200000003, 0.200000003, 0.200000003)
p11.CFrame = CFrame.new(30.5498104, 9.24935055, -12.9489517, -6.35227434e-006, -1.18419912e-005, 0.999973059, -7.23406483e-005, 0.999959469, -7.5179214e-006, -0.999939501, -0.000104367107, 1.01497435e-005)
p11.CanCollide = false
p11.Locked = true
p11.BottomSurface = Enum.SurfaceType.Smooth
p11.TopSurface = Enum.SurfaceType.Smooth
b11 = Instance.new("SpecialMesh", p11)
b11.MeshType = Enum.MeshType.Cylinder
b11.Name = "Mesh"
b11.Scale = Vector3.new(0.300000012, 1, 1)
p12 = Instance.new("Part", m2)
p12.Transparency = 1
p12.BrickColor = BrickColor.new("CGA brown")
p12.Name = "Joint2"
p12.FormFactor = Enum.FormFactor.Custom
p12.Size = Vector3.new(0.200000003, 0.200000003, 0.200000003)
p12.CFrame = CFrame.new(30.5498104, 9.24935055, -12.9989481, -6.35227434e-006, -1.18419912e-005, 0.999973059, -7.23406483e-005, 0.999959469, -7.5179214e-006, -0.999939501, -0.000104367107, 1.01497435e-005)
p12.CanCollide = false
p12.Locked = true
p12.BottomSurface = Enum.SurfaceType.Smooth
p12.TopSurface = Enum.SurfaceType.Smooth
b12 = Instance.new("SpecialMesh", p12)
b12.MeshType = Enum.MeshType.Cylinder
b12.Name = "Mesh"
b12.Scale = Vector3.new(0.300000012, 1, 1)
p13 = Instance.new("Part", m2)
p13.Transparency = 1
p13.BrickColor = BrickColor.new("CGA brown")
p13.Name = "Joint1"
p13.FormFactor = Enum.FormFactor.Custom
p13.Size = Vector3.new(0.200000003, 0.200000003, 0.200000003)
p13.CFrame = CFrame.new(30.5498104, 9.2493515, -13.0489445, -6.35227434e-006, -1.18419912e-005, 0.999973059, -7.23406483e-005, 0.999959469, -7.5179214e-006, -0.999939501, -0.000104367107, 1.01497435e-005)
p13.CanCollide = false
p13.Locked = true
p13.BottomSurface = Enum.SurfaceType.Smooth
p13.TopSurface = Enum.SurfaceType.Smooth
b13 = Instance.new("SpecialMesh", p13)
b13.MeshType = Enum.MeshType.Cylinder
b13.Name = "Mesh"
b13.Scale = Vector3.new(0.300000012, 1, 1)
w1 = Instance.new("Weld", p1)
w1.Name = "Joint11_Weld"
w1.Part0 = p1
w1.C0 = CFrame.new(-12.2991934, -9.25106144, -30.5498657, -4.37113883e-008, -8.63075256e-005, -1, 0, 1, -8.63075256e-005, 1, -3.77262197e-012, -4.37113883e-008)
w1.Part1 = p2
w1.C1 = CFrame.new(-12.4991941, -9.25089169, -30.5498657, -4.37113883e-008, -8.63075256e-005, -1, 0, 1, -8.63075256e-005, 1, -3.77262197e-012, -4.37113883e-008)
w2 = Instance.new("Weld", p2)
w2.Name = "Joint10_Weld"
w2.Part0 = p2
w2.C0 = CFrame.new(-12.4991941, -9.25089169, -30.5498657, -4.37113883e-008, -8.63075256e-005, -1, 0, 1, -8.63075256e-005, 1, -3.77262197e-012, -4.37113883e-008)
w2.Part1 = p3
w2.C1 = CFrame.new(-12.5491943, -9.25089645, -30.5498657, -4.37113883e-008, -8.63075256e-005, -1, 0, 1, -8.63075256e-005, 1, -3.77262197e-012, -4.37113883e-008)
w3 = Instance.new("Weld", p3)
w3.Name = "Joint9_Weld"
w3.Part0 = p3
w3.C0 = CFrame.new(-12.5491943, -9.25089645, -30.5498657, -4.37113883e-008, -8.63075256e-005, -1, 0, 1, -8.63075256e-005, 1, -3.77262197e-012, -4.37113883e-008)
w3.Part1 = p4
w3.C1 = CFrame.new(-12.5991945, -9.25090027, -30.5498657, -4.37113883e-008, -8.63075256e-005, -1, 0, 1, -8.63075256e-005, 1, -3.77262197e-012, -4.37113883e-008)
w4 = Instance.new("Weld", p4)
w4.Name = "Joint8_Weld"
w4.Part0 = p4
w4.C0 = CFrame.new(-12.5991945, -9.25090027, -30.5498657, -4.37113883e-008, -8.63075256e-005, -1, 0, 1, -8.63075256e-005, 1, -3.77262197e-012, -4.37113883e-008)
w4.Part1 = p5
w4.C1 = CFrame.new(-12.6491947, -9.25090504, -30.5498657, -4.37113883e-008, -8.63075256e-005, -1, 0, 1, -8.63075256e-005, 1, -3.77262197e-012, -4.37113883e-008)
w5 = Instance.new("Weld", p5)
w5.Name = "Joint7_Weld"
w5.Part0 = p5
w5.C0 = CFrame.new(-12.6491947, -9.25090504, -30.5498657, -4.37113883e-008, -8.63075256e-005, -1, 0, 1, -8.63075256e-005, 1, -3.77262197e-012, -4.37113883e-008)
w5.Part1 = p6
w5.C1 = CFrame.new(-12.6991949, -9.25090885, -30.5498657, -4.37113883e-008, -8.63075256e-005, -1, 0, 1, -8.63075256e-005, 1, -3.77262197e-012, -4.37113883e-008)
w6 = Instance.new("Weld", p6)
w6.Name = "Joint6_Weld"
w6.Part0 = p6
w6.C0 = CFrame.new(-12.6991949, -9.25090885, -30.5498657, -4.37113883e-008, -8.63075256e-005, -1, 0, 1, -8.63075256e-005, 1, -3.77262197e-012, -4.37113883e-008)
w6.Part1 = p7
w6.C1 = CFrame.new(-12.7491951, -9.25091362, -30.5498657, -4.37113883e-008, -8.63075256e-005, -1, 0, 1, -8.63075256e-005, 1, -3.77262197e-012, -4.37113883e-008)
w7 = Instance.new("Weld", p7)
w7.Name = "Joint5_Weld"
w7.Part0 = p7
w7.C0 = CFrame.new(-12.7491951, -9.25091362, -30.5498657, -4.37113883e-008, -8.63075256e-005, -1, 0, 1, -8.63075256e-005, 1, -3.77262197e-012, -4.37113883e-008)
w7.Part1 = p8
w7.C1 = CFrame.new(-12.7991953, -9.25091743, -30.5498657, -4.37113883e-008, -8.63075256e-005, -1, 0, 1, -8.63075256e-005, 1, -3.77262197e-012, -4.37113883e-008)
w8 = Instance.new("Weld", p8)
w8.Name = "Joint4_Weld"
w8.Part0 = p8
w8.C0 = CFrame.new(-12.7991953, -9.25091743, -30.5498657, -4.37113883e-008, -8.63075256e-005, -1, 0, 1, -8.63075256e-005, 1, -3.77262197e-012, -4.37113883e-008)
w8.Part1 = p9
w8.C1 = CFrame.new(-12.8491955, -9.2509222, -30.5498657, -4.37113883e-008, -8.63075256e-005, -1, 0, 1, -8.63075256e-005, 1, -3.77262197e-012, -4.37113883e-008)
w9 = Instance.new("Weld", p9)
w9.Name = "Joint3_Weld"
w9.Part0 = p9
w9.C0 = CFrame.new(-12.8491955, -9.2509222, -30.5498657, -4.37113883e-008, -8.63075256e-005, -1, 0, 1, -8.63075256e-005, 1, -3.77262197e-012, -4.37113883e-008)
w9.Part1 = p10
w9.C1 = CFrame.new(-12.8991957, -9.25092602, -30.5498657, -4.37113883e-008, -8.63075256e-005, -1, 0, 1, -8.63075256e-005, 1, -3.77262197e-012, -4.37113883e-008)
w10 = Instance.new("Weld", p10)
w10.Name = "Joint3_Weld"
w10.Part0 = p10
w10.C0 = CFrame.new(-12.8991957, -9.25092602, -30.5498657, -4.37113883e-008, -8.63075256e-005, -1, 0, 1, -8.63075256e-005, 1, -3.77262197e-012, -4.37113883e-008)
w10.Part1 = p11
w10.C1 = CFrame.new(-12.9491959, -9.25093079, -30.5498657, -4.37113883e-008, -8.63075256e-005, -1, 0, 1, -8.63075256e-005, 1, -3.77262197e-012, -4.37113883e-008)
w11 = Instance.new("Weld", p11)
w11.Name = "Joint2_Weld"
w11.Part0 = p11
w11.C0 = CFrame.new(-12.9491959, -9.25093079, -30.5498657, -4.37113883e-008, -8.63075256e-005, -1, 0, 1, -8.63075256e-005, 1, -3.77262197e-012, -4.37113883e-008)
w11.Part1 = p12
w11.C1 = CFrame.new(-12.9991961, -9.2509346, -30.5498657, -4.37113883e-008, -8.63075256e-005, -1, 0, 1, -8.63075256e-005, 1, -3.77262197e-012, -4.37113883e-008)
w12 = Instance.new("Weld", p12)
w12.Name = "Joint1_Weld"
w12.Part0 = p12
w12.C0 = CFrame.new(-12.9991961, -9.2509346, -30.5498657, -4.37113883e-008, -8.63075256e-005, -1, 0, 1, -8.63075256e-005, 1, -3.77262197e-012, -4.37113883e-008)
w12.Part1 = p13
